8 30
2 5 2 0 0 1 0 
4 36 3 0 1 0 2 0 3 
4 16 3 0 4 0 5 1 5 
4 245 3 0 6 0 7 1 6 
1 2 1 1 1 
2 7 2 1 2 1 3 
4 160 3 1 4 2 3 2 4 
2 5 2 1 7 2 7 
2 1 2 2 0 3 0 
3 2 2 2 1 2 2 
2 5 2 2 5 2 6 
1 15 2 3 1 4 1 
1 10 3 3 2 3 3 3 4 
2 2 2 3 5 4 5 
2 7 2 3 6 4 6 
2 2 2 3 7 4 7 
2 1 2 4 0 5 0 
1 5 1 4 2 
2 5 2 4 3 4 4 
2 1 2 5 1 5 2 
2 7 2 5 3 5 4 
3 2 2 5 5 5 6 
2 5 2 5 7 6 7 
3 2 2 6 0 7 0 
1 16 3 6 1 6 2 6 3 
4 288 4 6 4 6 5 7 4 7 5 
1 3 1 6 6 
3 4 2 7 1 7 2 
1 7 1 7 3 
4 30 2 7 6 7 7 
